system_param_Kp : 0.45654 #0.011509
system_param_Ti: 0.01 #0.001169 #0.015025
system_param_Kd: 0.0
