system_param_Kp : 0.011509
system_param_Ti: 0.015025
