system_param_Kp : 0.048793 #0.066971 
system_param_Ti:  0.302747 #0.493174  
system_param_Kd: 0.0
